125159
125478
125795
353657
354121
354589
358819
358820
358821
358822
358823
358824
358825
358826
358827
358828
358829
358830
358831
358832
358833
358834
358835
358836
358837
358838
358839
358840
358841
358842
358843
358844
358845
358846
358847
358848
358849
358850
358851
358852
358853
358854
358855
358856
358857
358858
358859
358860
358861
358862
358863
358864
358865
358866
358867
358868
358869
358870
358871
358872
358873
358874
358875
358876
358877
358878
358879
358880
358881
358882
358883
386132
386294
386417
386480
386781
386814
386986
387183
387259
387565
387600
387764
388113
388178
388207
388696
388759
388838
388864
389052
389078
389507
389543
389641
389731
389757
389921
389978
390065
390091
390183
398400
125159
125478
125795
353657
354121
354589
358819
358820
358821
358822
358823
358824
358825
358826
358827
358828
358829
358830
358831
358832
358833
358834
358835
358836
358837
358838
358839
358840
358841
358842
358843
358844
358845
358846
358847
358848
358849
358850
358851
358852
358853
358854
358855
358856
358857
358858
358859
358860
358861
358862
358863
358864
358865
358866
358867
358868
358869
358870
358871
358872
358873
358874
358875
358876
358877
358878
358879
358880
358881
358882
358883
386132
386294
386417
386480
386781
386814
386986
387183
387259
387565
387600
387764
388113
388178
388207
388696
388759
388838
388864
389052
389078
389507
389543
389641
389731
389757
389921
389978
390065
390091
390183
398400
125159
125478
125795
353657
354121
354589
358819
358820
358821
358822
358823
358824
358825
358826
358827
358828
358829
358830
358831
358832
358833
358834
358835
358836
358837
358838
358839
358840
358841
358842
358843
358844
358845
358846
358847
358848
358849
358850
358851
358852
358853
358854
358855
358856
358857
358858
358859
358860
358861
358862
358863
358864
358865
358866
358867
358868
358869
358870
358871
358872
358873
358874
358875
358876
358877
358878
358879
358880
358881
358882
358883
386132
386294
386417
386480
386781
386814
386986
387183
387259
387565
387600
387764
388113
388178
388207
388696
388759
388838
388864
389052
389078
389507
389543
389641
389731
389757
389921
389978
390065
390091
390183
398400
